Basic 35 W2        2 2161163864  0.0756038     1.86     1.56     7.12
Basic 35 W2        3 1620898344  0.0567037     1.86     1.56     7.16
Basic 35 W2        4 540285313  0.0189007     1.86     1.56     7.16
Basic 35 W2        8 540338665  0.0189026     1.86     1.56     7.16
Basic 35 W2       32 540272435  0.0189003     1.84     1.52     7.02
Basic 35 W2       34 392836416  0.0137426     1.88     1.56     7.19
Basic 35 W2       36 392846307  0.0137429     1.88     1.56     7.19
Basic 35 W2       38 392835482  0.0137425     1.88     1.56     7.16
Basic 35 W2       40 392869977  0.0137437     1.88     1.56     7.16
Basic 35 W2       43 392819364  0.0137420     1.88     1.56     7.19
Basic 35 W2       46 392849146  0.0137430     1.88     1.58     7.19
Basic 35 W2       49 392818967  0.0137419     1.84     1.55     7.00
Basic 35 W2       53 392825709  0.0137422     1.84     1.55     7.00
Basic 35 W2       58 392858145  0.0137433     1.84     1.55     7.02
Basic 35 W2       64 392863809  0.0137435     1.84     1.55     7.02
Basic 35 W2       67 43640029  0.0015267     1.86     1.55     7.05
Basic 35 W2       71 43628145  0.0015262     1.82     1.51     6.89
Basic 35 W2       75 43638811  0.0015266     1.82     1.51     6.91
Basic 35 W2       80 43639550  0.0015266     1.82     1.51     6.89
Basic 35 W2       85 43639108  0.0015266     1.82     1.53     6.89
Basic 35 W2       91 43642516  0.0015267     1.77     1.49     6.62
Basic 35 W2       98 43640595  0.0015267     1.77     1.49     6.62
Basic 35 W2      107 43635640  0.0015265     1.77     1.49     6.62
Basic 35 W2      116 43637904  0.0015266     1.75     1.46     6.48
Basic 35 W2      128 43641200  0.0015267     1.75     1.48     6.50
Basic 35 W2      135 349122745  0.0122133     1.71     1.45     6.35
Basic 35 W2      142 349123766  0.0122134     1.71     1.45     6.35
Basic 35 W2      151 349139593  0.0122139     1.73     1.45     6.37
Basic 35 W2      160 349118726  0.0122132     1.70     1.44     6.24
Basic 35 W2      171 349122398  0.0122133     1.70     1.44     6.26
Basic 35 W2      183 349109861  0.0122129     1.72     1.44     6.26
Basic 35 W2      197 349150561  0.0122143     1.69     1.43     6.16
Basic 35 W2      213 349134566  0.0122137     1.67     1.40     6.04
Basic 35 W2      233 349132310  0.0122137     1.64     1.40     5.92
Basic 35 W2      256 349099833  0.0122125     1.63     1.39     5.83
Basic 35 W2      269 1276549669  0.0446574     1.63     1.39     5.83
Basic 35 W2      284 1276552437  0.0446575     1.62     1.38     5.75
Basic 35 W2      301 1276485561  0.0446551     1.61     1.38     5.64
Basic 35 W2      320 1276535085  0.0446569     1.60     1.35     5.58
Basic 35 W2      341 1276513639  0.0446561     1.57     1.34     5.48
Basic 35 W2      366 1276498940  0.0446556     1.56     1.32     5.41
Basic 35 W2      394 1276454509  0.0446541     1.55     1.32     5.33
Basic 35 W2      427 1276566402  0.0446580     1.54     1.33     5.26
Basic 35 W2      465 1276544417  0.0446572     1.51     1.30     5.11
Basic 35 W2      512 1276473504  0.0446547     1.49     1.29     4.98
Basic 35 W2      539 136389000  0.0047713     1.48     1.29     4.91
Basic 35 W2      569 136363120  0.0047704     1.48     1.28     4.85
Basic 35 W2      602 136350048  0.0047699     1.47     1.28     4.79
Basic 35 W2      640 136370851  0.0047706     1.46     1.26     4.67
Basic 35 W2      683 136375794  0.0047708     1.43     1.25     4.56
Basic 35 W2      731 136384717  0.0047711     1.42     1.24     4.46
Basic 35 W2      788 136396353  0.0047715     1.41     1.22     4.37
Basic 35 W2      853 136366265  0.0047705     1.38     1.22     4.23
Basic 35 W2      931 136404108  0.0047718     1.38     1.21     4.11
Basic 35 W2     1024 136362849  0.0047704     1.35     1.19     3.95
Basic 35 W2     1078 65455297  0.0022898     1.34     1.18     3.90
Basic 35 W2     1138 65450908  0.0022897     1.33     1.18     3.79
Basic 35 W2     1205 65466833  0.0022902     1.32     1.17     3.73
Basic 35 W2     1280 65469167  0.0022903     1.31     1.17     3.65
Basic 35 W2     1365 65468637  0.0022903     1.30     1.15     3.53
Basic 35 W2     1463 65466637  0.0022902     1.30     1.17     3.31
Basic 35 W2     1575 65455886  0.0022898     1.30     1.17     3.32
Basic 35 W2     1707 65467229  0.0022902     1.32     1.19     3.33
Basic 35 W2     1862 65461605  0.0022900     1.33     1.21     3.34
Basic 35 W2     2048 65467408  0.0022902     1.36     1.23     3.35
Basic 35 W2     2156 40912974  0.0014313     1.37     1.25     3.34
Basic 35 W2     2276 40921747  0.0014316     1.36     1.24     3.32
Basic 35 W2     2409 40911595  0.0014312     1.35     1.24     3.26
Basic 35 W2     2560 40907450  0.0014311     1.33     1.22     3.19
Basic 35 W2     2731 40922874  0.0014316     1.33     1.21     3.15
Basic 35 W2     2926 40909742  0.0014311     1.32     1.21     3.07
Basic 35 W2     3151 40917936  0.0014314     1.35     1.24     3.08
Basic 35 W2     3413 40909869  0.0014311     1.39     1.27     3.11
Basic 35 W2     3724 40900241  0.0014308     1.39     1.28     3.06
Basic 35 W2     4096 40912023  0.0014312     1.39     1.28     2.97
Basic 35 W2     4312 8864956  0.0003101     1.40     1.29     2.95
Basic 35 W2     4551 8865769  0.0003102     1.41     1.30     2.92
Basic 35 W2     4819 8867306  0.0003102     1.43     1.32     2.93
Basic 35 W2     5120 8868453  0.0003102     1.44     1.33     2.90
Basic 35 W2     5461 8858917  0.0003099     1.43     1.33     2.86
Basic 35 W2     5851 8864076  0.0003101     1.44     1.34     2.82
Basic 35 W2     6302 8861725  0.0003100     1.46     1.37     2.82
Basic 35 W2     6827 8872679  0.0003104     1.47     1.37     2.78
Basic 35 W2     7447 8870666  0.0003103     1.48     1.38     2.74
Basic 35 W2     8192 8867550  0.0003102     1.51     1.41     2.74
Basic 35 W2     8623 1364913  0.0000477     1.50     1.41     2.69
Basic 35 W2     9102 1366474  0.0000478     1.52     1.42     2.70
Basic 35 W2     9638 1363409  0.0000477     1.53     1.44     2.70
Basic 35 W2    10240 1365092  0.0000478     1.53     1.44     2.66
Basic 35 W2    10923 1364247  0.0000477     1.63     1.47     4.14
Basic 35 W2    11703 1365979  0.0000478     1.62     1.46     4.01
Basic 35 W2    12603 1364010  0.0000477     1.64     1.48     3.94
Basic 35 W2    13653 1362794  0.0000477     1.64     1.49     3.84
Basic 35 W2    14895 1361181  0.0000476     1.64     1.49     3.74
Basic 35 W2    16384 1362652  0.0000477     1.65     1.51     3.66
Basic 35 W2    17246 681728  0.0000238     1.65     1.51     3.62
Basic 35 W2    18204 681479  0.0000238     1.67     1.53     3.59
Basic 35 W2    19275 681812  0.0000239     1.69     1.53     3.66
Basic 35 W2    20480 681760  0.0000238     1.69     1.53     3.58
Basic 35 W2    21845 681828  0.0000239     1.69     1.54     3.53
Basic 35 W2    23406 682195  0.0000239     1.69     1.54     3.46
Basic 35 W2    25206 681164  0.0000238     1.69     1.55     3.39
Basic 35 W2    27307 681050  0.0000238     1.70     1.56     3.35
Basic 35 W2    29789 682061  0.0000239     1.73     1.57     3.76
Basic 35 W2    32768 681769  0.0000239     1.73     1.57     3.65
Basic 35 W2    34493 595631  0.0000208     1.73     1.58     3.59
Basic 35 W2    36409 595084  0.0000208     1.73     1.57     3.53
Basic 35 W2    38551 595089  0.0000208     1.75     1.58     3.61
Basic 35 W2    40960 596513  0.0000209     1.74     1.58     3.52
Basic 35 W2    43691 597049  0.0000209     1.75     1.59     3.47
Basic 35 W2    46811 596695  0.0000209     1.77     1.59     3.61
Basic 35 W2    50412 596623  0.0000209     1.76     1.59     3.54
Basic 35 W2    54613 597734  0.0000209     1.78     1.60     3.55
Basic 35 W2    59578 597590  0.0000209     1.77     1.60     3.48
Basic 35 W2    65536 597236  0.0000209     1.78     1.60     3.54
Basic 35 W2    68985 1490716  0.0000521     1.78     1.60     3.48
Basic 35 W2    72818 1491472  0.0000522     1.79     1.61     3.53
Basic 35 W2    77101 1492058  0.0000522     1.78     1.61     3.47
Basic 35 W2    81920 1489686  0.0000521     1.79     1.61     3.53
Basic 35 W2    87381 1492237  0.0000522     1.79     1.61     3.47
Basic 35 W2    93623 1491573  0.0000522     1.80     1.61     3.50
Basic 35 W2   100825 1491958  0.0000522     1.82     1.62     3.52
Basic 35 W2   109227 1490515  0.0000521     1.81     1.62     3.52
Basic 35 W2   119156 1491062  0.0000522     1.81     1.62     3.52
Basic 35 W2   131072 1492521  0.0000522     1.82     1.63     3.50
Basic 35 W2   137971 299111  0.0000105     1.82     1.63     3.52
Basic 35 W2   145636 298783  0.0000105     1.86     1.64     3.50
Basic 35 W2   154202 298184  0.0000104     1.84     1.65     3.51
Basic 35 W2   163840 298328  0.0000104     1.84     1.65     3.51
Basic 35 W2   174763 298143  0.0000104     1.84     1.66     3.46
Basic 35 W2   187246 298958  0.0000105     1.85     1.68     3.49
Basic 35 W2   201649 299564  0.0000105     1.85     1.68     3.45
Basic 35 W2   218453 298037  0.0000104     1.86     1.70     3.41
Basic 35 W2   238313 299240  0.0000105     1.86     1.71     3.40
Basic 35 W2   262144 298305  0.0000104     1.87     1.73     3.39
Basic 35 W2   275941 21340  0.0000007     1.87     1.74     3.38
Basic 35 W2   291271 21209  0.0000007     1.87     1.74     3.32
Basic 35 W2   308405 21437  0.0000007     1.88     1.75     3.29
Basic 35 W2   327680 21375  0.0000007     1.88     1.76     3.25
Basic 35 W2   349525 21332  0.0000007     1.89     1.77     3.27
Basic 35 W2   374491 21498  0.0000008     1.89     1.78     3.24
Basic 35 W2   403298 21275  0.0000007     1.89     1.79     3.19
Basic 35 W2   436907 20948  0.0000007     1.90     1.80     3.16
Basic 35 W2   476625 21159  0.0000007     1.89     1.80     3.12
Basic 35 W2   524288 21384  0.0000007     1.90     1.81     3.12
Basic 35 W2   573085 49635  0.0000017     1.90     1.81     3.10
Basic 35 W2   631896 49947  0.0000017     1.90     1.81     3.03
Basic 35 W2   704160 49388  0.0000017     1.90     1.83     3.03
Basic 35 W2   795085 49716  0.0000017     1.98     1.84     3.04
Basic 35 W2   912974 49008  0.0000017     1.91     1.84     3.01
Basic 35 W2  1071908 49088  0.0000017     1.92     1.85     3.00
Basic 35 W2  1297841 48937  0.0000017     1.93     1.86     3.00
Basic 35 W2  1644453 49644  0.0000017     1.93     1.87     2.95
Basic 35 W2  2243665 49400  0.0000017     1.93     1.88     2.90
Basic 35 W2  3529904 49253  0.0000017     1.94     1.89     2.87
HomaP1 35 W2        2 2161270328  0.0756024     1.79     1.56     5.56
HomaP1 35 W2        3 1620971696  0.0567024     1.79     1.56     5.56
HomaP1 35 W2        4 540333401  0.0189011     1.81     1.56     5.56
HomaP1 35 W2        8 540346804  0.0189016     1.81     1.56     5.56
HomaP1 35 W2       32 540323425  0.0189008     1.77     1.52     5.45
HomaP1 35 W2       34 392880127  0.0137431     1.81     1.56     5.58
HomaP1 35 W2       36 392884965  0.0137433     1.81     1.56     5.58
HomaP1 35 W2       38 392906039  0.0137441     1.81     1.56     5.58
HomaP1 35 W2       40 392883830  0.0137433     1.81     1.56     5.58
HomaP1 35 W2       43 392897358  0.0137438     1.81     1.58     5.60
HomaP1 35 W2       46 392862249  0.0137425     1.81     1.58     5.58
HomaP1 35 W2       49 392904958  0.0137440     1.77     1.55     5.48
HomaP1 35 W2       53 392860462  0.0137425     1.77     1.55     5.48
HomaP1 35 W2       58 392867167  0.0137427     1.77     1.55     5.45
HomaP1 35 W2       64 392856070  0.0137423     1.80     1.55     5.48
HomaP1 35 W2       67 43641630  0.0015266     1.80     1.55     5.48
HomaP1 35 W2       71 43650431  0.0015269     1.76     1.51     5.33
HomaP1 35 W2       75 43638811  0.0015265     1.76     1.51     5.36
HomaP1 35 W2       80 43635684  0.0015264     1.76     1.51     5.36
HomaP1 35 W2       85 43651039  0.0015269     1.76     1.53     5.36
HomaP1 35 W2       91 43648237  0.0015268     1.72     1.49     5.15
HomaP1 35 W2       98 43636577  0.0015264     1.72     1.49     5.15
HomaP1 35 W2      107 43635391  0.0015264     1.72     1.49     5.15
HomaP1 35 W2      116 43644435  0.0015267     1.69     1.46     5.04
HomaP1 35 W2      128 43646738  0.0015268     1.69     1.48     5.04
HomaP1 35 W2      135 349189971  0.0122148     1.67     1.45     4.96
HomaP1 35 W2      142 349116292  0.0122123     1.67     1.45     4.96
HomaP1 35 W2      151 349137498  0.0122130     1.67     1.45     4.96
HomaP1 35 W2      160 349147925  0.0122134     1.66     1.44     4.88
HomaP1 35 W2      171 349165304  0.0122140     1.66     1.44     4.88
HomaP1 35 W2      183 349136118  0.0122130     1.66     1.44     4.88
HomaP1 35 W2      197 349139235  0.0122131     1.65     1.43     4.80
HomaP1 35 W2      213 349148352  0.0122134     1.62     1.40     4.71
HomaP1 35 W2      233 349139711  0.0122131     1.60     1.40     4.64
HomaP1 35 W2      256 349153158  0.0122136     1.59     1.39     4.57
HomaP1 35 W2      269 1276584005  0.0446556     1.59     1.39     4.56
HomaP1 35 W2      284 1276605268  0.0446563     1.56     1.38     4.49
HomaP1 35 W2      301 1276563964  0.0446549     1.57     1.38     4.43
HomaP1 35 W2      320 1276586084  0.0446556     1.54     1.35     4.35
HomaP1 35 W2      341 1276552040  0.0446544     1.53     1.34     4.29
HomaP1 35 W2      366 1276664104  0.0446584     1.51     1.32     4.22
HomaP1 35 W2      394 1276580691  0.0446555     1.50     1.32     4.18
HomaP1 35 W2      427 1276617796  0.0446567     1.51     1.33     4.13
HomaP1 35 W2      465 1276638355  0.0446575     1.48     1.30     4.02
HomaP1 35 W2      512 1276564572  0.0446549     1.46     1.29     3.92
HomaP1 35 W2      539 136409430  0.0047717     1.45     1.29     3.88
HomaP1 35 W2      569 136397417  0.0047713     1.45     1.28     3.84
HomaP1 35 W2      602 136378477  0.0047706     1.44     1.28     3.79
HomaP1 35 W2      640 136375525  0.0047705     1.41     1.26     3.70
HomaP1 35 W2      683 136395956  0.0047712     1.40     1.25     3.62
HomaP1 35 W2      731 136384438  0.0047708     1.39     1.24     3.54
HomaP1 35 W2      788 136379505  0.0047706     1.38     1.22     3.47
HomaP1 35 W2      853 136378309  0.0047706     1.35     1.22     3.37
HomaP1 35 W2      931 136384798  0.0047708     1.34     1.21     3.28
HomaP1 35 W2     1024 136389817  0.0047710     1.31     1.19     3.15
HomaP1 35 W2     1078 65466421  0.0022900     1.31     1.18     3.10
HomaP1 35 W2     1138 65468417  0.0022901     1.30     1.16     3.02
HomaP1 35 W2     1205 65460820  0.0022899     1.29     1.16     2.98
HomaP1 35 W2     1280 65471523  0.0022902     1.28     1.17     2.92
HomaP1 35 W2     1365 65469420  0.0022902     1.27     1.15     2.82
HomaP1 35 W2     1463 65460229  0.0022898     1.27     1.17     2.68
HomaP1 35 W2     1575 65469832  0.0022902     1.27     1.17     2.69
HomaP1 35 W2     1707 65463734  0.0022900     1.29     1.19     2.71
HomaP1 35 W2     1862 65477321  0.0022904     1.31     1.21     2.72
HomaP1 35 W2     2048 65468660  0.0022901     1.34     1.23     2.74
HomaP1 35 W2     2156 40920887  0.0014314     1.34     1.24     2.75
HomaP1 35 W2     2276 40919915  0.0014314     1.34     1.24     2.72
HomaP1 35 W2     2409 40922930  0.0014315     1.33     1.24     2.69
HomaP1 35 W2     2560 40910258  0.0014311     1.32     1.21     2.63
HomaP1 35 W2     2731 40923165  0.0014315     1.31     1.21     2.60
HomaP1 35 W2     2926 40921974  0.0014315     1.30     1.21     2.55
HomaP1 35 W2     3151 40917242  0.0014313     1.33     1.23     2.57
HomaP1 35 W2     3413 40917899  0.0014313     1.37     1.27     2.61
HomaP1 35 W2     3724 40918752  0.0014314     1.37     1.28     2.57
HomaP1 35 W2     4096 40909527  0.0014310     1.37     1.28     2.52
HomaP1 35 W2     4312 8870572  0.0003103     1.38     1.29     2.51
HomaP1 35 W2     4551 8863171  0.0003100     1.39     1.30     2.49
HomaP1 35 W2     4819 8863123  0.0003100     1.41     1.32     2.52
HomaP1 35 W2     5120 8867770  0.0003102     1.42     1.33     2.51
HomaP1 35 W2     5461 8867950  0.0003102     1.42     1.33     2.48
HomaP1 35 W2     5851 8860755  0.0003100     1.42     1.34     2.46
HomaP1 35 W2     6302 8869815  0.0003103     1.45     1.37     2.47
HomaP1 35 W2     6827 8867703  0.0003102     1.46     1.37     2.46
HomaP1 35 W2     7447 8865485  0.0003101     1.47     1.38     2.44
HomaP1 35 W2     8192 8868871  0.0003102     1.49     1.41     2.47
HomaP1 35 W2     8623 1364707  0.0000477     1.48     1.41     2.43
HomaP1 35 W2     9102 1362826  0.0000477     1.50     1.42     2.46
HomaP1 35 W2     9638 1365118  0.0000478     1.52     1.44     2.47
HomaP1 35 W2    10240 1363457  0.0000477     1.52     1.44     2.45
HomaP1 35 W2    10923 1361844  0.0000476     1.60     1.47     3.40
HomaP1 35 W2    11703 1362617  0.0000477     1.59     1.46     3.32
HomaP1 35 W2    12603 1364407  0.0000477     1.62     1.48     3.31
HomaP1 35 W2    13653 1363387  0.0000477     1.63     1.50     3.30
HomaP1 35 W2    14895 1365314  0.0000478     1.64     1.50     3.25
HomaP1 35 W2    16384 1361896  0.0000476     1.65     1.52     3.23
HomaP1 35 W2    17246 683089  0.0000239     1.65     1.52     3.17
HomaP1 35 W2    18204 681494  0.0000238     1.67     1.54     3.20
HomaP1 35 W2    19275 681590  0.0000238     1.67     1.54     3.17
HomaP1 35 W2    20480 682402  0.0000239     1.66     1.54     3.10
HomaP1 35 W2    21845 680798  0.0000238     1.69     1.54     3.42
HomaP1 35 W2    23406 680922  0.0000238     1.69     1.55     3.41
HomaP1 35 W2    25206 680960  0.0000238     1.71     1.56     3.42
HomaP1 35 W2    27307 681452  0.0000238     1.72     1.57     3.38
HomaP1 35 W2    29789 682212  0.0000239     1.73     1.58     3.35
HomaP1 35 W2    32768 682081  0.0000239     1.74     1.58     3.48
HomaP1 35 W2    34493 597439  0.0000209     1.75     1.59     3.46
HomaP1 35 W2    36409 596634  0.0000209     1.74     1.59     3.44
HomaP1 35 W2    38551 597769  0.0000209     1.75     1.60     3.43
HomaP1 35 W2    40960 596058  0.0000209     1.75     1.59     3.40
HomaP1 35 W2    43691 597163  0.0000209     1.76     1.60     3.49
HomaP1 35 W2    46811 597446  0.0000209     1.76     1.60     3.45
HomaP1 35 W2    50412 596600  0.0000209     1.77     1.61     3.45
HomaP1 35 W2    54613 596769  0.0000209     1.78     1.61     3.46
HomaP1 35 W2    59578 597557  0.0000209     1.82     1.62     3.44
HomaP1 35 W2    65536 597048  0.0000209     1.79     1.62     3.47
HomaP1 35 W2    68985 1494491  0.0000523     1.79     1.62     3.45
HomaP1 35 W2    72818 1494043  0.0000523     1.80     1.63     3.47
HomaP1 35 W2    77101 1490733  0.0000521     1.81     1.63     3.49
HomaP1 35 W2    81920 1493512  0.0000522     1.81     1.63     3.48
HomaP1 35 W2    87381 1490423  0.0000521     1.82     1.63     3.49
HomaP1 35 W2    93623 1490711  0.0000521     1.81     1.63     3.49
HomaP1 35 W2   100825 1494116  0.0000523     1.82     1.64     3.48
HomaP1 35 W2   109227 1490694  0.0000521     1.83     1.64     3.50
HomaP1 35 W2   119156 1491259  0.0000522     1.83     1.65     3.50
HomaP1 35 W2   131072 1492969  0.0000522     1.84     1.66     3.51
HomaP1 35 W2   137971 298468  0.0000104     1.84     1.66     3.50
HomaP1 35 W2   145636 298181  0.0000104     1.85     1.66     3.49
HomaP1 35 W2   154202 298375  0.0000104     1.85     1.67     3.49
HomaP1 35 W2   163840 298830  0.0000105     1.86     1.68     3.48
HomaP1 35 W2   174763 298359  0.0000104     1.86     1.69     3.46
HomaP1 35 W2   187246 297474  0.0000104     1.87     1.70     3.46
HomaP1 35 W2   201649 298883  0.0000105     1.87     1.71     3.43
HomaP1 35 W2   218453 298009  0.0000104     1.88     1.72     3.43
HomaP1 35 W2   238313 298775  0.0000105     1.88     1.74     3.39
HomaP1 35 W2   262144 298499  0.0000104     1.89     1.75     3.35
HomaP1 35 W2   275941 21251  0.0000007     1.89     1.76     3.34
HomaP1 35 W2   291271 21148  0.0000007     1.89     1.77     3.35
HomaP1 35 W2   308405 21147  0.0000007     1.90     1.77     3.30
HomaP1 35 W2   327680 21074  0.0000007     1.90     1.78     3.26
HomaP1 35 W2   349525 21160  0.0000007     1.90     1.79     3.24
HomaP1 35 W2   374491 21417  0.0000007     1.91     1.80     3.25
HomaP1 35 W2   403298 21560  0.0000008     1.91     1.81     3.20
HomaP1 35 W2   436907 21352  0.0000007     1.92     1.82     3.16
HomaP1 35 W2   476625 21447  0.0000008     1.92     1.82     3.12
HomaP1 35 W2   524288 21372  0.0000007     1.92     1.83     3.09
HomaP1 35 W2   573085 49665  0.0000017     1.92     1.84     3.09
HomaP1 35 W2   631896 49377  0.0000017     1.92     1.84     3.06
HomaP1 35 W2   704160 49323  0.0000017     1.93     1.85     3.04
HomaP1 35 W2   795085 49088  0.0000017     1.94     1.86     3.07
HomaP1 35 W2   912974 49267  0.0000017     1.93     1.86     3.01
HomaP1 35 W2  1071908 49514  0.0000017     1.94     1.87     3.02
HomaP1 35 W2  1297841 49352  0.0000017     1.95     1.89     2.99
HomaP1 35 W2  1644453 49221  0.0000017     1.95     1.89     2.95
HomaP1 35 W2  2243665 49378  0.0000017     1.96     1.90     2.94
HomaP1 35 W2  3529904 49819  0.0000017     1.97     1.92     2.88
HomaP2 35 W2        2 2159817917  0.0756028     1.67     1.53     3.02
HomaP2 35 W2        3 1619900904  0.0567034     1.67     1.56     3.02
HomaP2 35 W2        4 539938322  0.0189001     1.67     1.56     3.02
HomaP2 35 W2        8 539960897  0.0189009     1.70     1.56     3.02
HomaP2 35 W2       32 539945278  0.0189004     1.66     1.52     2.95
HomaP2 35 W2       34 392595136  0.0137425     1.70     1.56     3.02
HomaP2 35 W2       36 392593938  0.0137424     1.70     1.56     3.02
HomaP2 35 W2       38 392609146  0.0137430     1.70     1.56     3.02
HomaP2 35 W2       40 392583302  0.0137421     1.70     1.56     3.02
HomaP2 35 W2       43 392567159  0.0137415     1.70     1.56     3.05
HomaP2 35 W2       46 392602828  0.0137428     1.70     1.56     3.05
HomaP2 35 W2       49 392576298  0.0137418     1.66     1.52     2.98
HomaP2 35 W2       53 392634925  0.0137439     1.66     1.52     2.98
HomaP2 35 W2       58 392589168  0.0137423     1.66     1.52     2.98
HomaP2 35 W2       64 392593760  0.0137424     1.68     1.55     2.98
HomaP2 35 W2       67 43620125  0.0015269     1.68     1.55     2.98
HomaP2 35 W2       71 43611505  0.0015266     1.64     1.51     2.91
HomaP2 35 W2       75 43608496  0.0015265     1.64     1.51     2.91
HomaP2 35 W2       80 43613131  0.0015266     1.64     1.51     2.91
HomaP2 35 W2       85 43615295  0.0015267     1.64     1.51     2.91
HomaP2 35 W2       91 43626181  0.0015271     1.62     1.49     2.81
HomaP2 35 W2       98 43617065  0.0015268     1.62     1.49     2.81
HomaP2 35 W2      107 43610632  0.0015266     1.62     1.49     2.81
HomaP2 35 W2      116 43622726  0.0015270     1.58     1.46     2.75
HomaP2 35 W2      128 43612118  0.0015266     1.58     1.46     2.75
HomaP2 35 W2      135 348901955  0.0122130     1.55     1.43     2.69
HomaP2 35 W2      142 348878018  0.0122122     1.57     1.45     2.71
HomaP2 35 W2      151 348903942  0.0122131     1.57     1.45     2.71
HomaP2 35 W2      160 348931809  0.0122141     1.54     1.42     2.66
HomaP2 35 W2      171 348900596  0.0122130     1.56     1.44     2.66
HomaP2 35 W2      183 348914151  0.0122135     1.56     1.44     2.66
HomaP2 35 W2      197 348937547  0.0122143     1.55     1.43     2.63
HomaP2 35 W2      213 348918819  0.0122136     1.52     1.40     2.58
HomaP2 35 W2      233 348936320  0.0122142     1.51     1.40     2.55
HomaP2 35 W2      256 348920792  0.0122137     1.48     1.39     2.50
HomaP2 35 W2      269 1275710571  0.0446553     1.50     1.39     2.52
HomaP2 35 W2      284 1275740167  0.0446563     1.47     1.36     2.47
HomaP2 35 W2      301 1275711044  0.0446553     1.46     1.36     2.45
HomaP2 35 W2      320 1275746634  0.0446565     1.46     1.35     2.40
HomaP2 35 W2      341 1275722063  0.0446557     1.43     1.34     2.38
HomaP2 35 W2      366 1275779042  0.0446577     1.42     1.32     2.36
HomaP2 35 W2      394 1275781967  0.0446578     1.42     1.32     2.32
HomaP2 35 W2      427 1275733646  0.0446561     1.43     1.33     2.31
HomaP2 35 W2      465 1275790291  0.0446581     1.40     1.30     2.25
HomaP2 35 W2      512 1275721868  0.0446557     1.38     1.29     2.20
HomaP2 35 W2      539 136291283  0.0047708     1.38     1.29     2.20
HomaP2 35 W2      569 136286113  0.0047706     1.37     1.28     2.16
HomaP2 35 W2      602 136312744  0.0047715     1.37     1.28     2.15
HomaP2 35 W2      640 136313502  0.0047715     1.34     1.26     2.10
HomaP2 35 W2      683 136307463  0.0047713     1.33     1.25     2.07
HomaP2 35 W2      731 136305377  0.0047713     1.32     1.24     2.03
HomaP2 35 W2      788 136309688  0.0047714     1.32     1.22     2.00
HomaP2 35 W2      853 136298763  0.0047710     1.29     1.22     1.96
HomaP2 35 W2      931 136308345  0.0047714     1.28     1.21     1.91
HomaP2 35 W2     1024 136304090  0.0047712     1.26     1.19     1.86
HomaP2 35 W2     1078 65424734  0.0022901     1.25     1.18     1.84
HomaP2 35 W2     1138 65436656  0.0022906     1.24     1.16     1.80
HomaP2 35 W2     1205 65430758  0.0022904     1.24     1.16     1.80
HomaP2 35 W2     1280 65417068  0.0022899     1.23     1.17     1.77
HomaP2 35 W2     1365 65427347  0.0022902     1.22     1.15     1.73
HomaP2 35 W2     1463 65410874  0.0022897     1.23     1.17     1.68
HomaP2 35 W2     1575 65421537  0.0022900     1.23     1.17     1.68
HomaP2 35 W2     1707 65419142  0.0022899     1.24     1.19     1.72
HomaP2 35 W2     1862 65416898  0.0022899     1.26     1.21     1.74
HomaP2 35 W2     2048 65425632  0.0022902     1.28     1.23     1.80
HomaP2 35 W2     2156 40889787  0.0014313     1.30     1.24     1.82
HomaP2 35 W2     2276 40887247  0.0014312     1.29     1.24     1.83
HomaP2 35 W2     2409 40886022  0.0014312     1.29     1.23     1.82
HomaP2 35 W2     2560 40883312  0.0014311     1.27     1.21     1.80
HomaP2 35 W2     2731 40898040  0.0014316     1.27     1.21     1.81
HomaP2 35 W2     2926 40892020  0.0014314     1.25     1.20     1.80
HomaP2 35 W2     3151 40880689  0.0014310     1.29     1.23     1.84
HomaP2 35 W2     3413 40889478  0.0014313     1.32     1.27     1.91
HomaP2 35 W2     3724 40875091  0.0014308     1.33     1.27     1.91
HomaP2 35 W2     4096 40890139  0.0014313     1.32     1.27     1.92
HomaP2 35 W2     4312 8862056  0.0003102     1.33     1.27     1.92
HomaP2 35 W2     4551 8854941  0.0003100     1.34     1.28     1.94
HomaP2 35 W2     4819 8859500  0.0003101     1.36     1.31     1.97
HomaP2 35 W2     5120 8861246  0.0003102     1.37     1.32     1.99
HomaP2 35 W2     5461 8857180  0.0003100     1.37     1.31     1.99
HomaP2 35 W2     5851 8860474  0.0003102     1.37     1.32     1.99
HomaP2 35 W2     6302 8857619  0.0003101     1.39     1.34     2.03
HomaP2 35 W2     6827 8857810  0.0003101     1.41     1.35     2.05
HomaP2 35 W2     7447 8856266  0.0003100     1.41     1.36     2.05
HomaP2 35 W2     8192 8859352  0.0003101     1.44     1.38     2.11
HomaP2 35 W2     8623 1362994  0.0000477     1.43     1.37     2.09
HomaP2 35 W2     9102 1361349  0.0000477     1.45     1.39     2.12
HomaP2 35 W2     9638 1364030  0.0000477     1.46     1.41     2.15
HomaP2 35 W2    10240 1363100  0.0000477     1.46     1.41     2.13
HomaP2 35 W2    10923 1363164  0.0000477     1.50     1.44     2.22
HomaP2 35 W2    11703 1364829  0.0000478     1.49     1.43     2.20
HomaP2 35 W2    12603 1362546  0.0000477     1.51     1.45     2.24
HomaP2 35 W2    13653 1361290  0.0000477     1.53     1.47     2.26
HomaP2 35 W2    14895 1363655  0.0000477     1.53     1.47     2.27
HomaP2 35 W2    16384 1362833  0.0000477     1.54     1.49     2.29
HomaP2 35 W2    17246 681095  0.0000238     1.54     1.49     2.29
HomaP2 35 W2    18204 681343  0.0000238     1.56     1.50     2.32
HomaP2 35 W2    19275 681879  0.0000239     1.56     1.50     2.30
HomaP2 35 W2    20480 679736  0.0000238     1.55     1.50     2.29
HomaP2 35 W2    21845 681273  0.0000238     1.67     1.57     2.76
HomaP2 35 W2    23406 681427  0.0000239     1.70     1.60     2.80
HomaP2 35 W2    25206 681192  0.0000238     1.70     1.60     2.76
HomaP2 35 W2    27307 682556  0.0000239     1.70     1.61     2.75
HomaP2 35 W2    29789 681619  0.0000239     1.71     1.61     2.81
HomaP2 35 W2    32768 681883  0.0000239     1.73     1.62     2.93
HomaP2 35 W2    34493 595769  0.0000209     1.74     1.62     2.93
HomaP2 35 W2    36409 596347  0.0000209     1.73     1.62     2.90
HomaP2 35 W2    38551 594972  0.0000208     1.74     1.63     2.92
HomaP2 35 W2    40960 595869  0.0000209     1.74     1.63     2.94
HomaP2 35 W2    43691 595219  0.0000208     1.76     1.64     3.03
HomaP2 35 W2    46811 595742  0.0000209     1.76     1.64     3.02
HomaP2 35 W2    50412 597207  0.0000209     1.77     1.64     3.06
HomaP2 35 W2    54613 597402  0.0000209     1.78     1.65     3.12
HomaP2 35 W2    59578 597182  0.0000209     1.78     1.65     3.12
HomaP2 35 W2    65536 596820  0.0000209     1.79     1.65     3.15
HomaP2 35 W2    68985 1490690  0.0000522     1.79     1.65     3.15
HomaP2 35 W2    72818 1490465  0.0000522     1.80     1.66     3.19
HomaP2 35 W2    77101 1490884  0.0000522     1.80     1.66     3.21
HomaP2 35 W2    81920 1487669  0.0000521     1.81     1.66     3.23
HomaP2 35 W2    87381 1490372  0.0000522     1.81     1.66     3.26
HomaP2 35 W2    93623 1494097  0.0000523     1.81     1.66     3.28
HomaP2 35 W2   100825 1489637  0.0000521     1.82     1.67     3.28
HomaP2 35 W2   109227 1491697  0.0000522     1.83     1.67     3.30
HomaP2 35 W2   119156 1490288  0.0000522     1.83     1.67     3.30
HomaP2 35 W2   131072 1489618  0.0000521     1.84     1.68     3.31
HomaP2 35 W2   137971 298093  0.0000104     1.84     1.68     3.30
HomaP2 35 W2   145636 298699  0.0000105     1.85     1.69     3.31
HomaP2 35 W2   154202 297350  0.0000104     1.85     1.69     3.30
HomaP2 35 W2   163840 297917  0.0000104     1.86     1.70     3.29
HomaP2 35 W2   174763 298153  0.0000104     1.86     1.71     3.28
HomaP2 35 W2   187246 298098  0.0000104     1.87     1.72     3.26
HomaP2 35 W2   201649 298993  0.0000105     1.87     1.73     3.25
HomaP2 35 W2   218453 298595  0.0000105     1.88     1.74     3.24
HomaP2 35 W2   238313 298472  0.0000104     1.88     1.76     3.22
HomaP2 35 W2   262144 298107  0.0000104     1.89     1.77     3.19
HomaP2 35 W2   275941 21292  0.0000007     1.89     1.78     3.19
HomaP2 35 W2   291271 21223  0.0000007     1.90     1.79     3.19
HomaP2 35 W2   308405 21168  0.0000007     1.90     1.80     3.14
HomaP2 35 W2   327680 21267  0.0000007     1.90     1.80     3.13
HomaP2 35 W2   349525 21114  0.0000007     1.91     1.81     3.15
HomaP2 35 W2   374491 21231  0.0000007     1.91     1.82     3.12
HomaP2 35 W2   403298 21282  0.0000007     1.91     1.82     3.09
HomaP2 35 W2   436907 21505  0.0000008     1.92     1.83     3.04
HomaP2 35 W2   476625 21164  0.0000007     1.92     1.84     3.03
HomaP2 35 W2   524288 21194  0.0000007     1.93     1.85     3.03
HomaP2 35 W2   573085 49600  0.0000017     1.93     1.85     3.01
HomaP2 35 W2   631896 49144  0.0000017     1.93     1.85     2.97
HomaP2 35 W2   704160 49799  0.0000017     1.94     1.87     2.98
HomaP2 35 W2   795085 49660  0.0000017     1.95     1.88     2.96
HomaP2 35 W2   912974 49596  0.0000017     1.94     1.88     2.94
HomaP2 35 W2  1071908 49373  0.0000017     1.95     1.89     2.95
HomaP2 35 W2  1297841 49728  0.0000017     1.96     1.90     2.94
HomaP2 35 W2  1644453 49233  0.0000017     1.96     1.90     2.93
HomaP2 35 W2  2243665 49534  0.0000017     1.97     1.92     2.90
HomaP2 35 W2  3529904 49119  0.0000017     1.98     1.93     2.85
HomaP4 35 W2        2 2158269447  0.0756045     1.65     1.53     2.67
HomaP4 35 W2        3 1618709824  0.0567036     1.65     1.53     2.67
HomaP4 35 W2        4 539566349  0.0189011     1.65     1.53     2.67
HomaP4 35 W2        8 539562388  0.0189009     1.65     1.53     2.67
HomaP4 35 W2       32 539562192  0.0189009     1.61     1.52     2.64
HomaP4 35 W2       34 392331899  0.0137434     1.65     1.56     2.70
HomaP4 35 W2       36 392313131  0.0137428     1.65     1.56     2.70
HomaP4 35 W2       38 392297745  0.0137422     1.65     1.56     2.70
HomaP4 35 W2       40 392305700  0.0137425     1.65     1.56     2.70
HomaP4 35 W2       43 392264936  0.0137411     1.67     1.56     2.70
HomaP4 35 W2       46 392310025  0.0137427     1.67     1.56     2.70
HomaP4 35 W2       49 392322336  0.0137431     1.64     1.52     2.64
HomaP4 35 W2       53 392302246  0.0137424     1.64     1.52     2.64
HomaP4 35 W2       58 392274308  0.0137414     1.64     1.52     2.64
HomaP4 35 W2       64 392296057  0.0137422     1.64     1.52     2.64
HomaP4 35 W2       67 43577112  0.0015265     1.64     1.55     2.64
HomaP4 35 W2       71 43586767  0.0015269     1.60     1.51     2.58
HomaP4 35 W2       75 43577781  0.0015265     1.62     1.51     2.58
HomaP4 35 W2       80 43587635  0.0015269     1.62     1.51     2.58
HomaP4 35 W2       85 43584542  0.0015268     1.62     1.51     2.58
HomaP4 35 W2       91 43587945  0.0015269     1.57     1.47     2.49
HomaP4 35 W2       98 43590844  0.0015270     1.57     1.47     2.49
HomaP4 35 W2      107 43587253  0.0015269     1.57     1.47     2.49
HomaP4 35 W2      116 43588931  0.0015269     1.54     1.46     2.44
HomaP4 35 W2      128 43585390  0.0015268     1.56     1.46     2.46
HomaP4 35 W2      135 348656080  0.0122135     1.53     1.43     2.41
HomaP4 35 W2      142 348654521  0.0122134     1.53     1.43     2.41
HomaP4 35 W2      151 348675364  0.0122141     1.53     1.43     2.41
HomaP4 35 W2      160 348650284  0.0122133     1.52     1.42     2.36
HomaP4 35 W2      171 348679942  0.0122143     1.52     1.42     2.38
HomaP4 35 W2      183 348674575  0.0122141     1.52     1.44     2.38
HomaP4 35 W2      197 348674946  0.0122141     1.51     1.41     2.33
HomaP4 35 W2      213 348669047  0.0122139     1.50     1.40     2.31
HomaP4 35 W2      233 348637360  0.0122128     1.47     1.38     2.26
HomaP4 35 W2      256 348650788  0.0122133     1.46     1.37     2.24
HomaP4 35 W2      269 1274778473  0.0446557     1.48     1.39     2.28
HomaP4 35 W2      284 1274807285  0.0446567     1.45     1.36     2.24
HomaP4 35 W2      301 1274762969  0.0446551     1.45     1.36     2.21
HomaP4 35 W2      320 1274832444  0.0446575     1.44     1.35     2.19
HomaP4 35 W2      341 1274809036  0.0446567     1.41     1.33     2.16
HomaP4 35 W2      366 1274791203  0.0446561     1.44     1.34     2.42
HomaP4 35 W2      394 1274765936  0.0446552     1.43     1.33     2.40
HomaP4 35 W2      427 1274753228  0.0446548     1.43     1.33     2.38
HomaP4 35 W2      465 1274774909  0.0446555     1.40     1.30     2.33
HomaP4 35 W2      512 1274797942  0.0446563     1.38     1.29     2.28
HomaP4 35 W2      539 136197355  0.0047710     1.39     1.29     2.27
HomaP4 35 W2      569 136199100  0.0047711     1.37     1.28     2.24
HomaP4 35 W2      602 136201172  0.0047711     1.38     1.28     2.22
HomaP4 35 W2      640 136192522  0.0047708     1.36     1.26     2.17
HomaP4 35 W2      683 136187114  0.0047707     1.35     1.25     2.12
HomaP4 35 W2      731 136193002  0.0047709     1.32     1.24     2.09
HomaP4 35 W2      788 136206594  0.0047713     1.32     1.22     2.07
HomaP4 35 W2      853 136178337  0.0047703     1.30     1.22     2.01
HomaP4 35 W2      931 136215841  0.0047717     1.29     1.21     1.98
HomaP4 35 W2     1024 136185745  0.0047706     1.27     1.19     1.92
HomaP4 35 W2     1078 65377625  0.0022902     1.26     1.18     1.89
HomaP4 35 W2     1138 65392230  0.0022907     1.25     1.18     1.86
HomaP4 35 W2     1205 65374134  0.0022901     1.25     1.17     1.85
HomaP4 35 W2     1280 65388526  0.0022906     1.24     1.17     1.82
HomaP4 35 W2     1365 65379097  0.0022902     1.22     1.15     1.78
HomaP4 35 W2     1463 65374540  0.0022901     1.25     1.20     1.76
HomaP4 35 W2     1575 65376742  0.0022902     1.25     1.20     1.77
HomaP4 35 W2     1707 65365023  0.0022897     1.27     1.21     1.81
HomaP4 35 W2     1862 65371187  0.0022900     1.29     1.22     1.83
HomaP4 35 W2     2048 65390350  0.0022906     1.31     1.24     1.88
HomaP4 35 W2     2156 40863114  0.0014314     1.31     1.25     1.89
HomaP4 35 W2     2276 40859943  0.0014313     1.31     1.24     1.90
HomaP4 35 W2     2409 40863697  0.0014315     1.30     1.24     1.88
HomaP4 35 W2     2560 40853678  0.0014311     1.28     1.22     1.87
HomaP4 35 W2     2731 40864777  0.0014315     1.28     1.21     1.87
HomaP4 35 W2     2926 40861194  0.0014314     1.27     1.21     1.85
HomaP4 35 W2     3151 40860233  0.0014313     1.32     1.26     1.93
HomaP4 35 W2     3413 40848213  0.0014309     1.35     1.28     1.99
HomaP4 35 W2     3724 40858628  0.0014313     1.34     1.28     1.98
HomaP4 35 W2     4096 40856927  0.0014312     1.34     1.27     1.97
HomaP4 35 W2     4312 8853233  0.0003101     1.34     1.28     1.97
HomaP4 35 W2     4551 8855105  0.0003102     1.37     1.31     2.01
HomaP4 35 W2     4819 8851568  0.0003101     1.39     1.32     2.04
HomaP4 35 W2     5120 8853618  0.0003101     1.39     1.33     2.05
HomaP4 35 W2     5461 8853248  0.0003101     1.38     1.32     2.05
HomaP4 35 W2     5851 8845361  0.0003099     1.38     1.32     2.04
HomaP4 35 W2     6302 8849524  0.0003100     1.42     1.36     2.10
HomaP4 35 W2     6827 8852583  0.0003101     1.42     1.36     2.11
HomaP4 35 W2     7447 8852439  0.0003101     1.44     1.38     2.12
HomaP4 35 W2     8192 8848921  0.0003100     1.45     1.39     2.16
HomaP4 35 W2     8623 1361582  0.0000477     1.44     1.38     2.13
HomaP4 35 W2     9102 1361313  0.0000477     1.47     1.41     2.18
HomaP4 35 W2     9638 1359577  0.0000476     1.47     1.41     2.19
HomaP4 35 W2    10240 1361982  0.0000477     1.46     1.41     2.16
HomaP4 35 W2    10923 1362558  0.0000477     1.51     1.44     2.25
HomaP4 35 W2    11703 1360191  0.0000476     1.49     1.43     2.21
HomaP4 35 W2    12603 1361519  0.0000477     1.52     1.46     2.27
HomaP4 35 W2    13653 1361401  0.0000477     1.53     1.47     2.28
HomaP4 35 W2    14895 1362747  0.0000477     1.54     1.48     2.28
HomaP4 35 W2    16384 1360721  0.0000477     1.55     1.49     2.30
HomaP4 35 W2    17246 680982  0.0000239     1.55     1.49     2.29
HomaP4 35 W2    18204 680323  0.0000238     1.57     1.51     2.32
HomaP4 35 W2    19275 680451  0.0000238     1.56     1.51     2.31
HomaP4 35 W2    20480 680601  0.0000238     1.56     1.50     2.30
HomaP4 35 W2    21845 680006  0.0000238     1.67     1.56     2.75
HomaP4 35 W2    23406 681357  0.0000239     1.69     1.59     2.76
HomaP4 35 W2    25206 681552  0.0000239     1.70     1.60     2.75
HomaP4 35 W2    27307 682178  0.0000239     1.70     1.61     2.73
HomaP4 35 W2    29789 679475  0.0000238     1.71     1.61     2.79
HomaP4 35 W2    32768 681160  0.0000239     1.73     1.62     2.92
HomaP4 35 W2    34493 595643  0.0000209     1.73     1.62     2.92
HomaP4 35 W2    36409 596231  0.0000209     1.73     1.62     2.90
HomaP4 35 W2    38551 595464  0.0000209     1.74     1.63     2.92
HomaP4 35 W2    40960 596049  0.0000209     1.74     1.62     2.93
HomaP4 35 W2    43691 595175  0.0000208     1.76     1.63     3.03
HomaP4 35 W2    46811 594926  0.0000208     1.75     1.63     3.01
HomaP4 35 W2    50412 596815  0.0000209     1.77     1.64     3.06
HomaP4 35 W2    54613 594922  0.0000208     1.77     1.64     3.11
HomaP4 35 W2    59578 597812  0.0000209     1.78     1.65     3.10
HomaP4 35 W2    65536 595166  0.0000208     1.79     1.65     3.15
HomaP4 35 W2    68985 1489475  0.0000522     1.78     1.64     3.13
HomaP4 35 W2    72818 1490317  0.0000522     1.79     1.65     3.19
HomaP4 35 W2    77101 1491475  0.0000522     1.80     1.65     3.20
HomaP4 35 W2    81920 1489365  0.0000522     1.80     1.65     3.23
HomaP4 35 W2    87381 1490288  0.0000522     1.81     1.66     3.25
HomaP4 35 W2    93623 1488870  0.0000522     1.81     1.66     3.27
HomaP4 35 W2   100825 1487855  0.0000521     1.81     1.66     3.27
HomaP4 35 W2   109227 1490612  0.0000522     1.82     1.66     3.29
HomaP4 35 W2   119156 1492298  0.0000523     1.83     1.67     3.29
HomaP4 35 W2   131072 1488711  0.0000521     1.83     1.67     3.30
HomaP4 35 W2   137971 298191  0.0000104     1.84     1.68     3.29
HomaP4 35 W2   145636 297338  0.0000104     1.84     1.68     3.30
HomaP4 35 W2   154202 297733  0.0000104     1.84     1.69     3.29
HomaP4 35 W2   163840 296927  0.0000104     1.85     1.70     3.29
HomaP4 35 W2   174763 297870  0.0000104     1.85     1.70     3.27
HomaP4 35 W2   187246 297371  0.0000104     1.86     1.71     3.26
HomaP4 35 W2   201649 298037  0.0000104     1.86     1.72     3.25
HomaP4 35 W2   218453 296419  0.0000104     1.87     1.74     3.23
HomaP4 35 W2   238313 298166  0.0000104     1.88     1.75     3.20
HomaP4 35 W2   262144 298307  0.0000104     1.88     1.77     3.18
HomaP4 35 W2   275941 21024  0.0000007     1.88     1.77     3.15
HomaP4 35 W2   291271 21448  0.0000008     1.89     1.78     3.14
HomaP4 35 W2   308405 21295  0.0000007     1.89     1.79     3.13
HomaP4 35 W2   327680 21178  0.0000007     1.89     1.79     3.08
HomaP4 35 W2   349525 21434  0.0000008     1.90     1.80     3.08
HomaP4 35 W2   374491 21434  0.0000008     1.90     1.80     3.07
HomaP4 35 W2   403298 21393  0.0000007     1.91     1.82     3.06
HomaP4 35 W2   436907 21518  0.0000008     1.91     1.82     3.03
HomaP4 35 W2   476625 21463  0.0000008     1.91     1.83     3.03
HomaP4 35 W2   524288 21307  0.0000007     1.92     1.84     3.04
HomaP4 35 W2   573085 49383  0.0000017     1.92     1.85     3.02
HomaP4 35 W2   631896 49348  0.0000017     1.92     1.85     2.97
HomaP4 35 W2   704160 49505  0.0000017     1.93     1.86     2.97
HomaP4 35 W2   795085 49480  0.0000017     1.94     1.87     2.96
HomaP4 35 W2   912974 49200  0.0000017     1.93     1.87     2.96
HomaP4 35 W2  1071908 49470  0.0000017     1.94     1.88     2.94
HomaP4 35 W2  1297841 49461  0.0000017     1.95     1.89     2.93
HomaP4 35 W2  1644453 49283  0.0000017     1.95     1.90     2.88
HomaP4 35 W2  2243665 49612  0.0000017     1.96     1.91     2.89
HomaP4 35 W2  3529904 49471  0.0000017     1.97     1.92     2.81
HomaP8 35 W2        2 2159626810  0.0756043     1.65     1.53     2.67
HomaP8 35 W2        3 1619737539  0.0567039     1.65     1.53     2.67
HomaP8 35 W2        4 539870913  0.0188998     1.65     1.53     2.67
HomaP8 35 W2        8 539880478  0.0189002     1.65     1.53     2.67
HomaP8 35 W2       32 539901596  0.0189009     1.61     1.52     2.64
HomaP8 35 W2       34 392520655  0.0137414     1.65     1.56     2.70
HomaP8 35 W2       36 392533390  0.0137418     1.65     1.56     2.70
HomaP8 35 W2       38 392553664  0.0137425     1.65     1.56     2.70
HomaP8 35 W2       40 392573098  0.0137432     1.65     1.56     2.70
HomaP8 35 W2       43 392578522  0.0137434     1.67     1.56     2.70
HomaP8 35 W2       46 392553429  0.0137425     1.67     1.56     2.70
HomaP8 35 W2       49 392561976  0.0137428     1.64     1.52     2.64
HomaP8 35 W2       53 392542499  0.0137422     1.64     1.52     2.64
HomaP8 35 W2       58 392581793  0.0137435     1.64     1.52     2.64
HomaP8 35 W2       64 392548334  0.0137424     1.64     1.52     2.64
HomaP8 35 W2       67 43611218  0.0015267     1.64     1.55     2.64
HomaP8 35 W2       71 43605999  0.0015266     1.60     1.51     2.58
HomaP8 35 W2       75 43606856  0.0015266     1.62     1.51     2.58
HomaP8 35 W2       80 43617355  0.0015270     1.62     1.51     2.58
HomaP8 35 W2       85 43609600  0.0015267     1.62     1.51     2.58
HomaP8 35 W2       91 43599383  0.0015263     1.57     1.47     2.49
HomaP8 35 W2       98 43612378  0.0015268     1.57     1.47     2.49
HomaP8 35 W2      107 43612966  0.0015268     1.57     1.47     2.49
HomaP8 35 W2      116 43619013  0.0015270     1.54     1.46     2.44
HomaP8 35 W2      128 43611286  0.0015267     1.56     1.46     2.46
HomaP8 35 W2      135 348873823  0.0122134     1.53     1.43     2.41
HomaP8 35 W2      142 348872357  0.0122133     1.53     1.43     2.41
HomaP8 35 W2      151 348878969  0.0122136     1.53     1.43     2.41
HomaP8 35 W2      160 348874002  0.0122134     1.52     1.42     2.36
HomaP8 35 W2      171 348914039  0.0122148     1.52     1.42     2.38
HomaP8 35 W2      183 348868304  0.0122132     1.52     1.44     2.38
HomaP8 35 W2      197 348840024  0.0122122     1.51     1.41     2.33
HomaP8 35 W2      213 348864761  0.0122131     1.48     1.40     2.31
HomaP8 35 W2      233 348866536  0.0122131     1.47     1.38     2.26
HomaP8 35 W2      256 348889548  0.0122139     1.46     1.37     2.24
HomaP8 35 W2      269 1275614510  0.0446568     1.48     1.39     2.28
HomaP8 35 W2      284 1275639354  0.0446577     1.45     1.36     2.24
HomaP8 35 W2      301 1275592548  0.0446560     1.45     1.36     2.21
HomaP8 35 W2      320 1275507807  0.0446531     1.44     1.35     2.19
HomaP8 35 W2      341 1275567955  0.0446552     1.41     1.33     2.16
HomaP8 35 W2      366 1275575837  0.0446554     1.42     1.32     2.17
HomaP8 35 W2      394 1275556186  0.0446547     1.42     1.32     2.15
HomaP8 35 W2      427 1275588108  0.0446559     1.41     1.33     2.13
HomaP8 35 W2      465 1275664044  0.0446585     1.38     1.30     2.08
HomaP8 35 W2      512 1275646676  0.0446579     1.38     1.29     2.12
HomaP8 35 W2      539 136291270  0.0047713     1.38     1.29     2.11
HomaP8 35 W2      569 136303823  0.0047717     1.37     1.28     2.07
HomaP8 35 W2      602 136258958  0.0047702     1.37     1.28     2.06
HomaP8 35 W2      640 136284832  0.0047711     1.34     1.26     2.03
HomaP8 35 W2      683 136294715  0.0047714     1.33     1.25     1.99
HomaP8 35 W2      731 136271508  0.0047706     1.32     1.24     1.96
HomaP8 35 W2      788 136283355  0.0047710     1.32     1.24     1.92
HomaP8 35 W2      853 136302990  0.0047717     1.29     1.22     1.87
HomaP8 35 W2      931 136291643  0.0047713     1.28     1.21     1.84
HomaP8 35 W2     1024 136277971  0.0047708     1.26     1.19     1.79
HomaP8 35 W2     1078 65415536  0.0022901     1.25     1.18     1.76
HomaP8 35 W2     1138 65410039  0.0022899     1.24     1.18     1.74
HomaP8 35 W2     1205 65429834  0.0022906     1.24     1.17     1.73
HomaP8 35 W2     1280 65395781  0.0022894     1.23     1.17     1.70
HomaP8 35 W2     1365 65423379  0.0022903     1.22     1.15     1.66
HomaP8 35 W2     1463 65430516  0.0022906     1.26     1.21     1.70
HomaP8 35 W2     1575 65415504  0.0022901     1.26     1.21     1.71
HomaP8 35 W2     1707 65421091  0.0022903     1.27     1.22     1.73
HomaP8 35 W2     1862 65419920  0.0022902     1.29     1.23     1.74
HomaP8 35 W2     2048 65415000  0.0022901     1.30     1.24     1.77
HomaP8 35 W2     2156 40880592  0.0014312     1.32     1.25     2.01
HomaP8 35 W2     2276 40883228  0.0014312     1.33     1.25     2.01
HomaP8 35 W2     2409 40877707  0.0014310     1.31     1.24     1.98
HomaP8 35 W2     2560 40879343  0.0014311     1.29     1.22     1.96
HomaP8 35 W2     2731 40893188  0.0014316     1.29     1.22     1.95
HomaP8 35 W2     2926 40886419  0.0014314     1.27     1.21     1.93
HomaP8 35 W2     3151 40884503  0.0014313     1.35     1.29     2.06
HomaP8 35 W2     3413 40891661  0.0014315     1.37     1.30     2.10
HomaP8 35 W2     3724 40888384  0.0014314     1.35     1.29     2.07
HomaP8 35 W2     4096 40882216  0.0014312     1.34     1.28     2.05
HomaP8 35 W2     4312 8856233  0.0003100     1.35     1.28     2.04
HomaP8 35 W2     4551 8858056  0.0003101     1.40     1.34     2.12
HomaP8 35 W2     4819 8852544  0.0003099     1.41     1.34     2.14
HomaP8 35 W2     5120 8860237  0.0003102     1.41     1.34     2.13
HomaP8 35 W2     5461 8864323  0.0003103     1.39     1.33     2.12
HomaP8 35 W2     5851 8856640  0.0003101     1.39     1.33     2.10
HomaP8 35 W2     6302 8857213  0.0003101     1.44     1.38     2.18
HomaP8 35 W2     6827 8859867  0.0003102     1.43     1.36     2.17
HomaP8 35 W2     7447 8856675  0.0003101     1.46     1.40     2.20
HomaP8 35 W2     8192 8862739  0.0003103     1.47     1.40     2.21
HomaP8 35 W2     8623 1364155  0.0000478     1.44     1.38     2.18
HomaP8 35 W2     9102 1364252  0.0000478     1.49     1.43     2.24
HomaP8 35 W2     9638 1363206  0.0000477     1.49     1.43     2.23
HomaP8 35 W2    10240 1363455  0.0000477     1.47     1.41     2.20
HomaP8 35 W2    10923 1361914  0.0000477     1.51     1.45     2.23
HomaP8 35 W2    11703 1363499  0.0000477     1.49     1.43     2.19
HomaP8 35 W2    12603 1364231  0.0000478     1.53     1.46     2.29
HomaP8 35 W2    13653 1364030  0.0000478     1.55     1.49     2.32
HomaP8 35 W2    14895 1362626  0.0000477     1.55     1.49     2.32
HomaP8 35 W2    16384 1364064  0.0000478     1.57     1.51     2.34
HomaP8 35 W2    17246 682195  0.0000239     1.55     1.49     2.31
HomaP8 35 W2    18204 681354  0.0000239     1.58     1.52     2.34
HomaP8 35 W2    19275 682261  0.0000239     1.58     1.52     2.34
HomaP8 35 W2    20480 680907  0.0000238     1.56     1.51     2.32
HomaP8 35 W2    21845 680389  0.0000238     1.62     1.54     2.54
HomaP8 35 W2    23406 682019  0.0000239     1.63     1.55     2.56
HomaP8 35 W2    25206 682889  0.0000239     1.65     1.57     2.56
HomaP8 35 W2    27307 681542  0.0000239     1.65     1.58     2.56
HomaP8 35 W2    29789 682683  0.0000239     1.65     1.59     2.56
HomaP8 35 W2    32768 681872  0.0000239     1.66     1.59     2.59
HomaP8 35 W2    34493 596863  0.0000209     1.67     1.60     2.61
HomaP8 35 W2    36409 595735  0.0000209     1.66     1.59     2.62
HomaP8 35 W2    38551 596446  0.0000209     1.68     1.61     2.65
HomaP8 35 W2    40960 597055  0.0000209     1.67     1.60     2.66
HomaP8 35 W2    43691 596462  0.0000209     1.68     1.61     2.71
HomaP8 35 W2    46811 595865  0.0000209     1.69     1.61     2.74
HomaP8 35 W2    50412 596420  0.0000209     1.70     1.62     2.78
HomaP8 35 W2    54613 595305  0.0000208     1.71     1.62     2.82
HomaP8 35 W2    59578 596913  0.0000209     1.75     1.63     2.85
HomaP8 35 W2    65536 595859  0.0000209     1.72     1.63     2.89
HomaP8 35 W2    68985 1490975  0.0000522     1.72     1.63     2.89
HomaP8 35 W2    72818 1490099  0.0000522     1.73     1.63     2.91
HomaP8 35 W2    77101 1491719  0.0000522     1.73     1.64     2.91
HomaP8 35 W2    81920 1491456  0.0000522     1.73     1.64     2.92
HomaP8 35 W2    87381 1490840  0.0000522     1.75     1.64     2.92
HomaP8 35 W2    93623 1489833  0.0000522     1.75     1.64     2.94
HomaP8 35 W2   100825 1491224  0.0000522     1.74     1.64     2.95
HomaP8 35 W2   109227 1491383  0.0000522     1.75     1.65     2.95
HomaP8 35 W2   119156 1492945  0.0000523     1.75     1.65     2.95
HomaP8 35 W2   131072 1490133  0.0000522     1.76     1.66     2.96
HomaP8 35 W2   137971 298755  0.0000105     1.76     1.66     2.94
HomaP8 35 W2   145636 297684  0.0000104     1.77     1.66     2.95
HomaP8 35 W2   154202 298449  0.0000104     1.77     1.67     2.93
HomaP8 35 W2   163840 297973  0.0000104     1.78     1.67     2.92
HomaP8 35 W2   174763 298284  0.0000104     1.78     1.68     2.91
HomaP8 35 W2   187246 298127  0.0000104     1.79     1.69     2.90
HomaP8 35 W2   201649 298008  0.0000104     1.80     1.70     2.90
HomaP8 35 W2   218453 297559  0.0000104     1.81     1.71     2.88
HomaP8 35 W2   238313 297508  0.0000104     1.82     1.73     2.87
HomaP8 35 W2   262144 298384  0.0000104     1.83     1.75     2.87
HomaP8 35 W2   275941 21473  0.0000008     1.84     1.75     2.83
HomaP8 35 W2   291271 21194  0.0000007     1.84     1.77     2.83
HomaP8 35 W2   308405 21249  0.0000007     1.84     1.77     2.85
HomaP8 35 W2   327680 21609  0.0000008     1.85     1.78     2.81
HomaP8 35 W2   349525 21323  0.0000007     1.86     1.79     2.86
HomaP8 35 W2   374491 21194  0.0000007     1.87     1.80     2.87
HomaP8 35 W2   403298 21328  0.0000007     1.87     1.81     2.83
HomaP8 35 W2   436907 21064  0.0000007     1.88     1.81     2.86
HomaP8 35 W2   476625 21376  0.0000007     1.89     1.83     2.77
HomaP8 35 W2   524288 21271  0.0000007     1.89     1.84     2.82
HomaP8 35 W2   573085 49459  0.0000017     1.90     1.84     2.80
HomaP8 35 W2   631896 49531  0.0000017     1.90     1.85     2.78
HomaP8 35 W2   704160 49526  0.0000017     1.91     1.86     2.81
HomaP8 35 W2   795085 49286  0.0000017     1.93     1.88     2.81
HomaP8 35 W2   912974 48975  0.0000017     1.92     1.88     2.77
HomaP8 35 W2  1071908 49708  0.0000017     1.93     1.89     2.78
HomaP8 35 W2  1297841 49143  0.0000017     1.95     1.90     2.79
HomaP8 35 W2  1644453 49828  0.0000017     1.95     1.91     2.76
HomaP8 35 W2  2243665 49212  0.0000017     1.97     1.93     2.79
HomaP8 35 W2  3529904 49765  0.0000017     1.98     1.94     2.66
